-4.000000000000000000e+00 -3.400000000000000000e+01
1.200000000000000000e+01 -6.800000000000000000e+01
3.400000000000000000e+01 -8.600000000000000000e+01
5.800000000000000000e+01 -8.900000000000000000e+01
1.400000000000000000e+01 -8.000000000000000000e+01
2.400000000000000000e+01 -1.260000000000000000e+02
4.100000000000000000e+01 -1.490000000000000000e+02
5.600000000000000000e+01 -1.620000000000000000e+02
3.100000000000000000e+01 -6.500000000000000000e+01
8.000000000000000000e+01 -9.400000000000000000e+01
7.400000000000000000e+01 -7.700000000000000000e+01
5.600000000000000000e+01 -6.300000000000000000e+01
4.800000000000000000e+01 -4.300000000000000000e+01
9.400000000000000000e+01 -6.800000000000000000e+01
8.300000000000000000e+01 -5.300000000000000000e+01
6.800000000000000000e+01 -4.200000000000000000e+01
6.400000000000000000e+01 -2.000000000000000000e+01
1.030000000000000000e+02 -4.000000000000000000e+01
9.300000000000000000e+01 -3.100000000000000000e+01
7.700000000000000000e+01 -2.200000000000000000e+01
